0.0000 0.1562 0.1544 0.1530 0.1433 0.1430 0.1449 0.1369 0.1408 0.1429 0.1417 0.1556 0.1472 0.1437 0.1456
0.1562 0.0000 0.0843 0.0806 0.1587 0.1585 0.1584 0.1563 0.1596 0.1559 0.1573 0.1700 0.1621 0.1586 0.1584
0.1544 0.0843 0.0000 0.0807 0.1584 0.1534 0.1543 0.1505 0.1525 0.1544 0.1544 0.1660 0.1598 0.1561 0.1557
0.1530 0.0806 0.0807 0.0000 0.1566 0.1559 0.1548 0.1525 0.1556 0.1532 0.1548 0.1674 0.1581 0.1548 0.1561
0.1433 0.1587 0.1584 0.1566 0.0000 0.1266 0.1289 0.1253 0.1256 0.1296 0.0359 0.0603 0.0491 0.0434 0.0557
0.1430 0.1585 0.1534 0.1559 0.1266 0.0000 0.1257 0.1137 0.0559 0.1247 0.1233 0.1395 0.1295 0.1254 0.1255
0.1449 0.1584 0.1543 0.1548 0.1289 0.1257 0.0000 0.1268 0.1228 0.1210 0.1261 0.1413 0.1330 0.1287 0.1274
0.1369 0.1563 0.1505 0.1525 0.1253 0.1137 0.1268 0.0000 0.1113 0.1220 0.1221 0.1362 0.1278 0.1257 0.1224
0.1408 0.1596 0.1525 0.1556 0.1256 0.0559 0.1228 0.1113 0.0000 0.1224 0.1223 0.1372 0.1263 0.1242 0.1227
0.1429 0.1559 0.1544 0.1532 0.1296 0.1247 0.1210 0.1220 0.1224 0.0000 0.1275 0.1424 0.1322 0.1298 0.1279
0.1417 0.1573 0.1544 0.1548 0.0359 0.1233 0.1261 0.1221 0.1223 0.1275 0.0000 0.0414 0.0467 0.0414 0.0558
0.1556 0.1700 0.1660 0.1674 0.0603 0.1395 0.1413 0.1362 0.1372 0.1424 0.0414 0.0000 0.0655 0.0668 0.0782
0.1472 0.1621 0.1598 0.1581 0.0491 0.1295 0.1330 0.1278 0.1263 0.1322 0.0467 0.0655 0.0000 0.0453 0.0616
0.1437 0.1586 0.1561 0.1548 0.0434 0.1254 0.1287 0.1257 0.1242 0.1298 0.0414 0.0668 0.0453 0.0000 0.0583
0.1456 0.1584 0.1557 0.1561 0.0557 0.1255 0.1274 0.1224 0.1227 0.1279 0.0558 0.0782 0.0616 0.0583 0.0000
